1: 중심기압, 2: 방향, 3: 속도(KT=km/h), 4: 현재위치, 5: 24h위치
# Training_Data
01 20040701
02 20040703
03 20040704
04 20040729
05 20040730
06 20040801
07 20040817
08 20040818
09 20040819
10 20040825
11 20040826
12 20040827
13 20040828
14 20040829
15 20040830
16 20040903
17 20040904
18 20040905
19 20040906
20 20050903
21 20050904
22 20050905
23 20050906
24 20060707
25 20060708
26 20060709
27 20060710
28 20060813
29 20060814
30 20060815
31 20060816
32 20060817
33 20060818
34 20060819
35 20060913
36 20060914
37 20060915
38 20060916
39 20060917
40 20070712
41 20070713
42 20070714
43 20070731
44 20070801
45 20070802
46 20070914
47 20070915
48 20080717
49 20080718
50 20080719
51 20100808
52 20100809
53 20100810
54 20100829
55 20100830
56 20100831
57 20100901
58 20100903
59 20100905
60 20100906
61 20100907

# Testing_Data
62 20040702 
63 20040731 
64 20070916 
65 20100904 