01 주석
02 20040701
03 20040702
04 20040703
05 20040704

06 20040729
07 20040730
08 20040731
09 20040801

10 20040817
11 20040818
12 20040819

13 20040825
14 20040826
15 20040827
16 20040828
17 20040829
18 20040830

19 20040903
20 20040904
21 20040905
22 20040906

23 20050903
24 20050904
25 20050905
26 20050906

27 20060707
28 20060708
29 20060709
30 20060710

31 20060813
32 20060814
33 20060815
34 20060816
35 20060817
36 20060818
37 20060819

38 20060915
39 20060916
40 20060917

41 20070712
42 20070713
43 20070714

44 20070731
45 20070801
46 20070802

47 20070914
48 20070915
49 20070916

50 20080717
51 20080718
52 20080719

53 20100808
54 20100809
55 20100810

56 20100829
57 20100830
58 20100831
59 20100901

60 20100903
61 20100904
62 20100905
63 20100906
64 20100907




#대기 목록 	20060913,14,18